1	1250855	1250859
1	1470933	1470937
1	1470951	1470952
1	8384563	8384581
1	10683135	10683137
1	10683137	10683138
1	10683141	10683143
1	10683220	10683221
1	10683224	10683226
1	16200708	16200709
1	26488154	26488157
1	26488157	26488158
1	26488226	26488227
1	26488232	26488235
1	26488356	26488357
1	32508281	32508282
1	35824788	35824793
1	35824791	35824792
1	35824796	35824797
1	36316673	36316675
1	36316683	36316684
1	40029593	40029597
1	40029595	40029601
1	40035672	40035720
1	48865192	48865195
1	48865194	48865195
1	50569851	50569853
1	52135193	52135194
1	52135201	52135204
1	70518838	70518839
1	70518871	70518877
1	70518874	70518875
1	86047345	86047347
1	87810581	87810582
1	92634386	92634387
1	94312527	94312529
1	107963695	107963696
1	111717588	111717589
1	111717592	111717595
1	111717609	111717612
1	111717611	111717612
1	115323201	115323234
1	116940480	116940481
1	150238512	150238513
1	153615870	153615871
1	154242787	154242788
1	154242844	154242847
1	154522687	154522688
1	154522703	154522704
1	155057665	155057666
1	155151272	155151273
1	172062897	172062899
1	173795931	173795933
1	179090702	179090704
1	179090710	179090711
1	179090714	179090717
1	200376451	200376455
1	201757825	201757829
1	228645087	228645089
1	228645090	228645096
1	228645102	228645105
1	228645104	228645105
1	240255484	240255486
1	240255487	240255488
2	20511323	20511324
2	20526136	20526138
2	33810322	33810323
2	38523096	38523097
2	38523105	38523108
2	42720237	42720238
2	74329308	74329309
2	79253986	79253987
2	79253999	79254000
2	100041388	100041390
2	118851235	118851239
2	145275169	145275170
2	145275207	145275208
2	160205593	160205594
2	160205599	160205600
2	160205603	160205605
2	172967132	172967136
2	172967141	172967148
2	172967165	172967166
2	172967170	172967173
2	176973882	176973885
2	176973888	176973889
2	176973894	176973897
2	177036481	177036484
2	177036484	177036487
2	177036489	177036490
2	177036491	177036492
2	178576480	178576481
2	179296981	179296994
2	179296984	179297009
2	191792218	191792219
2	201846137	201846138
2	201846142	201846145
2	202591376	202591385
2	202591378	202591380
2	209169526	209169527
2	209189022	209189024
2	210835480	210835486
2	210835749	210835750
2	210835755	210835764
2	219824870	219824871
2	219824873	219824876
2	219922143	219922145
2	219922144	219922147
2	220379406	220379408
2	220379544	220379550
2	233997594	233997595
2	236578873	236578874
2	241401823	241401824
3	10373723	10373724
3	23932106	23932107
3	48445892	48445894
3	50004956	50004958
3	65387164	65387165
3	65387208	65387209
3	67054190	67054191
3	71021128	71021130
3	71021138	71021139
3	101370528	101370529
3	124951458	124951459
3	124951462	124951464
3	127642691	127642695
3	127642694	127642695
3	127642696	127642697
3	127872594	127872597
3	127872599	127872602
3	127872601	127872604
3	129324602	129324603
3	129324610	129324615
3	135869953	135869954
3	135869960	135869962
3	173993325	173993326
3	179691050	179691051
3	179691054	179691057
3	186507067	186507070
3	195507362	195507363
3	195507374	195507375
3	195507857	195508002
3	195508107	195508156
3	195510748	195510797
3	195513412	195513509
3	195956725	195956726
4	2061284	2061287
4	2061286	2061287
4	23797377	23797378
4	23797382	23797384
4	23797424	23797426
4	26585792	26585793
4	31144398	31144399
4	31144404	31144407
4	62894678	62894681
4	78641490	78641492
4	105412458	105412459
4	142053773	142053777
4	142053797	142053798
4	144449097	144449099
4	144449109	144449111
4	144459863	144459864
5	256433	256434
5	376666	376713
5	36985992	36985993
5	36996487	36996488
5	36996491	36996493
5	36996521	36996522
5	64510053	64510060
5	65452036	65452037
5	65460484	65460498
5	96314972	96314973
5	96314977	96314980
5	119800216	119800217
5	119800220	119800223
5	122152524	122152525
5	141233629	141233632
5	141233630	141233632
5	176024179	176024192
5	176900537	176900539
5	176959085	176959086
5	176959171	176959173
5	176959244	176959245
5	176959252	176959257
5	179048064	179048065
5	179048111	179048112
5	179048203	179048204
5	179048210	179048213
6	1611560	1611564
6	1611567	1611568
6	7585214	7585215
6	7585220	7585224
6	15496735	15496736
6	15496741	15496742
6	17601122	17601127
6	27419837	27419838
6	27419846	27419849
6	32548655	32548656
6	32551867	32551869
6	32551873	32551876
6	32551875	32551876
6	32557525	32557526
6	32557604	32557605
6	32557607	32557610
6	32609237	32609238
6	43128597	43128598
6	43738533	43738534
6	44376288	44376291
6	44393926	44393931
6	44393927	44393947
6	50805565	50805566
6	50805573	50805577
6	50805675	50805676
6	50805679	50805682
6	76372963	76372964
6	84646012	84646015
6	84646016	84646017
6	99851820	99851823
6	108224598	108224599
6	108243114	108243118
6	133833984	133833994
6	139094628	139094632
6	143095265	143095266
6	149699335	149699338
6	149699337	149699338
6	157100250	157100257
6	158924997	158924998
6	158925036	158925037
6	158925041	158925046
6	159166615	159166616
6	159166618	159166621
6	160132860	160132862
6	160169512	160169513
7	14026181	14026183
7	14026202	14026203
7	14026215	14026222
7	15652191	15652193
7	27204957	27204960
7	32919263	32919264
7	40132628	40132629
7	45614787	45614826
7	72413534	72413541
7	76069659	76069660
7	84628996	84628999
7	84628999	84629000
7	100028705	100028707
7	100028706	100028709
7	105283452	105283453
7	105283464	105283468
7	105283466	105283467
7	127014158	127014159
7	127014339	127014340
7	142168497	142168498
7	142168501	142168505
7	142223952	142223955
7	142231799	142231801
7	142231804	142231807
7	142460427	142460428
7	147183005	147183006
7	150884265	150884266
7	155295803	155295804
8	609872	609873
8	11058717	11058718
8	11058762	11058763
8	21938602	21938610
8	26372076	26372077
8	32600170	32600171
8	32600336	32600337
8	32600351	32600352
8	32600358	32600361
8	37756709	37756716
8	38175603	38175608
8	53586734	53586735
8	53586737	53586740
8	55371781	55371782
8	55371785	55371786
8	55371789	55371794
8	67342133	67342136
8	67342137	67342138
8	67342158	67342160
8	67576631	67576633
8	67576642	67576643
8	74333657	74333660
8	77776568	77776570
8	77776574	77776575
8	95686803	95686804
8	141542099	141542102
9	2158951	2158953
9	2644908	2644911
9	3301526	3301527
9	4662614	4662615
9	4662616	4662617
9	4662621	4662622
9	4662625	4662626
9	4662834	4662835
9	4662839	4662842
9	36339735	36339736
9	66457098	66457099
9	66457125	66457126
9	66457128	66457131
9	66457168	66457169
9	66457191	66457192
9	68372085	68372086
9	72073020	72073021
9	72073046	72073047
9	79244207	79244208
9	85987878	85987879
9	129377867	129377873
9	134480425	134480428
9	139996713	139996798
9	140115522	140115526
10	18828668	18828669
10	32575770	32575771
10	43882050	43882055
10	43882076	43882077
10	49632673	49632674
10	49632685	49632689
10	52834667	52834668
10	52834678	52834680
10	78637710	78637713
10	78637711	78637712
10	78868213	78868214
10	78868216	78868220
10	81053101	81053105
10	98718222	98718227
10	124897125	124897126
10	124897246	124897251
10	124897248	124897249
11	294511	294549
11	6738802	6738804
11	6738810	6738814
11	6738814	6738815
11	13408311	13408312
11	13736259	13736264
11	17757918	17757921
11	17757922	17757923
11	17757926	17757927
11	33891169	33891171
11	33891190	33891192
11	33891200	33891201
11	45924270	45924271
11	45924276	45924280
11	48387284	48387296
11	64602488	64602495
11	64602497	64602498
11	64679759	64679763
11	67049842	67049843
11	67049846	67049850
11	71192528	71192529
11	73020371	73020372
11	85429913	85429914
11	85429917	85429920
11	85429963	85429965
11	85692886	85692891
11	85692891	85692892
11	85692903	85692905
11	118255490	118255492
11	118255491	118255494
11	118255493	118255504
11	118255501	118255502
11	118255518	118255519
11	118255527	118255529
11	118505780	118505782
11	118505781	118505782
12	498266	498267
12	976991	976993
12	3104002	3104005
12	53858730	53858731
12	53859600	53859601
12	53859643	53859647
12	53859648	53859649
12	53859660	53859671
12	53868737	53868741
12	54349165	54349166
12	54349169	54349170
12	58131276	58131279
12	58131278	58131279
12	58131305	58131306
12	58339648	58339649
12	70687887	70687891
12	70687908	70687910
12	72004381	72004382
12	72004386	72004389
12	78570250	78570257
12	78570251	78570253
12	78570257	78570258
12	78570276	78570278
12	94699151	94699154
12	107208847	107208850
12	107208849	107208850
12	111158871	111158872
12	111158874	111158877
12	120128134	120128138
12	120128135	120128139
12	120805900	120805901
12	120805933	120805935
12	120805943	120805947
12	120805951	120805952
12	120805962	120805964
12	120805973	120805974
12	120805978	120805984
12	120805980	120805981
12	120805984	120805985
13	20577103	20577104
13	20577106	20577107
13	25671096	25671098
13	32811763	32811764
13	32811767	32811770
13	52026721	52026728
13	53418669	53418672
13	53419864	53419866
13	76164318	76164328
13	77459866	77459870
14	21853902	21853905
14	21853903	21853905
14	23540622	23540624
14	36157649	36157650
14	54418963	54418964
14	55612005	55612006
14	61747312	61747313
14	61747316	61747318
14	61747318	61747321
14	65544178	65544180
14	67850169	67850170
14	75265718	75265719
14	75265722	75265724
14	79746751	79746752
14	79746763	79746764
14	93897432	93897434
14	100706065	100706066
14	100706069	100706070
14	100706071	100706072
14	101531883	101531884
14	101531897	101531899
14	101531898	101531899
14	101531906	101531908
14	102676255	102676258
15	21051137	21051138
15	26108121	26108122
15	35814392	35814393
15	43037939	43037944
15	43037953	43037957
15	52879300	52879301
15	54003507	54003508
15	54003509	54003510
15	54003512	54003515
15	64980818	64980819
15	64980822	64980824
15	65477363	65477364
15	65748035	65748036
15	91434311	91434312
15	91434315	91434320
15	100340416	100340425
16	538710	538712
16	3900946	3900947
16	9858288	9858289
16	12009295	12009298
16	12297246	12297427
16	24579256	24579257
16	28848159	28848161
16	28848189	28848192
16	28848191	28848192
16	29395395	29395396
16	30106534	30106535
16	30106538	30106543
16	30106539	30106540
16	30106547	30106548
16	30106553	30106559
16	30106560	30106561
16	33961469	33961470
16	33961474	33961477
16	33965641	33965642
16	33965680	33965682
16	53242265	53242266
16	65022207	65022209
16	65032575	65032576
16	65032579	65032584
16	65038684	65038685
16	65038691	65038694
16	65038692	65038696
16	65038705	65038706
16	65038710	65038711
16	65038720	65038721
16	65038780	65038781
16	65038784	65038787
16	69727256	69727266
16	70531829	70531831
16	70531986	70531987
16	70713783	70713785
16	70713787	70713791
16	70713807	70713809
16	70713811	70713812
16	70713829	70713830
16	70713834	70713835
16	70713841	70713844
16	70713844	70713854
16	70713850	70713851
16	70713853	70713856
16	71748518	71748519
16	72821360	72821363
16	72821362	72821363
16	74443788	74443790
16	81478946	81478950
16	86544697	86544698
17	4794874	4794877
17	4794875	4794877
17	10428707	10428708
17	10428709	10428710
17	10428714	10428719
17	13399905	13399908
17	13399910	13399911
17	17754270	17754277
17	27870036	27870037
17	30781638	30781641
17	30781639	30781651
17	30781642	30781654
17	34901700	34901705
17	34901714	34901715
17	37026427	37026429
17	37331964	37331965
17	37357652	37357654
17	38557284	38557285
17	38557287	38557290
17	41465999	41466006
17	41466001	41466005
17	41466006	41466008
17	41466008	41466009
17	42474919	42474920
17	42474928	42474933
17	42745447	42745451
17	46986188	46986190
17	48227398	48227399
17	49124053	49124054
17	55693315	55693317
17	56082637	56082640
17	56082689	56082691
17	59104327	59104328
17	62291201	62291202
17	62496081	62496085
17	76046781	76046782
17	76046785	76046788
17	77808079	77808080
17	77808086	77808090
17	77808087	77808088
17	77812854	77812859
17	77812899	77812901
17	77812958	77812971
17	77812965	77812967
17	77812971	77812972
17	77812974	77812979
18	24126824	24126826
18	46385934	46385941
18	47800737	47800738
18	47800751	47800752
18	47800756	47800757
18	47800763	47800764
19	1011718	1011719
19	1011721	1011724
19	1011727	1011729
19	1011730	1011731
19	3976576	3976577
19	3982291	3982292
19	3982297	3982300
19	3982299	3982301
19	3982925	3982927
19	3982992	3982995
19	3982997	3982998
19	3983016	3983017
19	11258583	11258584
19	19447932	19447934
19	33308874	33308875
19	33792119	33792122
19	33792120	33792121
19	33792189	33792190
19	33792193	33792195
19	33792200	33792202
19	33792206	33792208
19	36214748	36214749
19	36214756	36214758
19	36214783	36214787
19	48613787	48613815
19	50410793	50410794
19	51021041	51021045
19	51021049	51021050
20	9353777	9353778
20	19955584	19955586
20	29633965	29633966
20	36147185	36147186
20	36628852	36628883
20	39317519	39317520
20	39317525	39317528
20	43726620	43726623
20	44453334	44453336
20	47683049	47683054
21	9825837	9825841
21	17443399	17443400
21	17443410	17443412
21	17443478	17443480
21	34929818	34929820
21	36164688	36164689
21	36164694	36164695
21	36164696	36164699
22	20073911	20073913
22	20073912	20073914
22	20073914	20073915
22	20073916	20073917
22	24237128	24237129
22	31724964	31724965
22	32352791	32352792
22	50968825	50968826
X	41091785	41091786
X	46513259	46513260
X	47038791	47038792
X	47039722	47039723
X	54800636	54800637
X	70345486	70345487
X	122757820	122757821
X	134708006	134708007
X	153363110	153363126
